<?xml version="1.0"?>
<opencv_storage>
<CameraMatrix type_id="opencv-matrix">
  <rows>3</rows>
  <cols>3</cols>
  <dt>d</dt>
  <data>
    4.9038123211276422e+02 0. 3.4708124794548422e+02 0.
    4.9259443750083159e+02 2.4220595309428492e+02 0. 0. 1.</data></CameraMatrix>
<DistortionCoeffs type_id="opencv-matrix">
  <rows>1</rows>
  <cols>5</cols>
  <dt>d</dt>
  <data>
    -3.8041865546170867e-01 2.3396910246192126e-01
    -5.5033632900008099e-04 -5.0069807712884969e-04
    -9.8722287824511007e-02</data></DistortionCoeffs>
<rvec type_id="opencv-matrix">
  <rows>3</rows>
  <cols>1</cols>
  <dt>d</dt>
  <data>
    -1.3617623700834567e+00 -6.5538112154297878e-01
    -7.2379070576154758e-01</data></rvec>
<tvecs type_id="opencv-matrix">
  <rows>3</rows>
  <cols>1</cols>
  <dt>d</dt>
  <data>
    -1.0001265045909815e+03 9.4945534320548859e+02
    4.1413294152052886e+03</data></tvecs>
<RotationMatrix type_id="opencv-matrix">
  <rows>3</rows>
  <cols>3</cols>
  <dt>d</dt>
  <data>
    7.8069688878303833e-01 -6.2490873485997855e-01
    -1.2003916797332370e-03 6.4327000698764333e-02
    7.8452562031231299e-02 9.9484030501977383e-01
    -6.2159022259490615e-01 -7.7674594856132750e-01
    1.0144617571884233e-01</data></RotationMatrix>
<TranslationMatrix type_id="opencv-matrix">
  <rows>3</rows>
  <cols>1</cols>
  <dt>d</dt>
  <data>
    3.2939299090340974e+03 1.3658790183365202e+03 2.5172858520259642e+03</data></TranslationMatrix>
</opencv_storage>
