<?xml version="1.0"?>
<opencv_storage>
<CameraMatrix type_id="opencv-matrix">
  <rows>3</rows>
  <cols>3</cols>
  <dt>d</dt>
  <data>
    4.9038121372967436e+02 0. 3.4708124756116530e+02 0.
    4.9259442611387993e+02 2.4220595690814565e+02 0. 0. 1.</data></CameraMatrix>
<DistortionCoeffs type_id="opencv-matrix">
  <rows>1</rows>
  <cols>5</cols>
  <dt>d</dt>
  <data>
    -3.8041859570340242e-01 2.3396880159420499e-01
    -5.5032516907095401e-04 -5.0070604583329426e-04
    -9.8721977038128975e-02</data></DistortionCoeffs>
<RotationMatrix type_id="opencv-matrix">
  <rows>3</rows>
  <cols>1</cols>
  <dt>d</dt>
  <data>
    -7.6196673679878146e-01 1.5944323809444507e+00
    1.7602763881959802e+00</data></RotationMatrix>
<TranslationMatrix type_id="opencv-matrix">
  <rows>3</rows>
  <cols>1</cols>
  <dt>d</dt>
  <data>
    -4.4349061585531119e-02 9.2665285009767773e-01
    4.4124058810998470e+00</data></TranslationMatrix>
</opencv_storage>
