<?xml version="1.0"?>
<opencv_storage>
<CameraMatrix type_id="opencv-matrix">
  <rows>3</rows>
  <cols>3</cols>
  <dt>d</dt>
  <data>
    4.9038123211276422e+02 0. 3.4708124794548422e+02 0.
    4.9259443750083159e+02 2.4220595309428492e+02 0. 0. 1.</data></CameraMatrix>
<DistortionCoeffs type_id="opencv-matrix">
  <rows>1</rows>
  <cols>5</cols>
  <dt>d</dt>
  <data>
    -3.8041865546170867e-01 2.3396910246192126e-01
    -5.5033632900008099e-04 -5.0069807712884969e-04
    -9.8722287824511007e-02</data></DistortionCoeffs>
<RotationMatrix type_id="opencv-matrix">
  <rows>3</rows>
  <cols>1</cols>
  <dt>d</dt>
  <data>
    -7.7685969295137403e-01 1.5737247355571859e+00
    1.7707713090443695e+00</data></RotationMatrix>
<TranslationMatrix type_id="opencv-matrix">
  <rows>3</rows>
  <cols>1</cols>
  <dt>d</dt>
  <data>
    -3.0610841084463210e+01 8.9752211384634143e+02
    4.2857522461305971e+03</data></TranslationMatrix>
</opencv_storage>
