<?xml version="1.0"?>
<opencv_storage>
<CameraMatrix type_id="opencv-matrix">
  <rows>3</rows>
  <cols>3</cols>
  <dt>d</dt>
  <data>
    4.9038123211276422e+02 0. 3.4708124794548422e+02 0.
    4.9259443750083159e+02 2.4220595309428492e+02 0. 0. 1.</data></CameraMatrix>
<DistortionCoeffs type_id="opencv-matrix">
  <rows>1</rows>
  <cols>5</cols>
  <dt>d</dt>
  <data>
    -3.8041865546170867e-01 2.3396910246192126e-01
    -5.5033632900008099e-04 -5.0069807712884969e-04
    -9.8722287824511007e-02</data></DistortionCoeffs>
<rvec type_id="opencv-matrix">
  <rows>3</rows>
  <cols>1</cols>
  <dt>d</dt>
  <data>
    -1.3465586201141204e+00 -6.6518002229379336e-01
    -7.0445823090940396e-01</data></rvec>
<tvecs type_id="opencv-matrix">
  <rows>3</rows>
  <cols>1</cols>
  <dt>d</dt>
  <data>
    -9.8948522982151655e+02 9.1374037403793955e+02
    4.0596579371999942e+03</data></tvecs>
<RotationMatrix type_id="opencv-matrix">
  <rows>3</rows>
  <cols>3</cols>
  <dt>d</dt>
  <data>
    7.7712582755445470e-01 2.4392453276804560e-02
    -6.2887236890401166e-01 8.6940671663071831e-02
    -9.9382882244943882e-01 6.8888252115553827e-02
    -6.2331113238781344e-01 -1.0820942607694158e-01
    -7.7445074236488476e-01</data></RotationMatrix>
<TranslationMatrix type_id="opencv-matrix">
  <rows>3</rows>
  <cols>1</cols>
  <dt>d</dt>
  <data>
    -2.4587992054837587e+03 1.3715307476442567e+03
    3.2199433121767343e+03</data></TranslationMatrix>
</opencv_storage>
