<?xml version="1.0"?>
<opencv_storage>
<CameraMatrix type_id="opencv-matrix">
  <rows>3</rows>
  <cols>3</cols>
  <dt>d</dt>
  <data>
    4.9038123211276422e+02 0. 3.4708124794548422e+02 0.
    4.9259443750083159e+02 2.4220595309428492e+02 0. 0. 1.</data></CameraMatrix>
<DistortionCoeffs type_id="opencv-matrix">
  <rows>1</rows>
  <cols>5</cols>
  <dt>d</dt>
  <data>
    -3.8041865546170867e-01 2.3396910246192126e-01
    -5.5033632900008099e-04 -5.0069807712884969e-04
    -9.8722287824511007e-02</data></DistortionCoeffs>
<rvec type_id="opencv-matrix">
  <rows>3</rows>
  <cols>1</cols>
  <dt>d</dt>
  <data>
    -7.4083851772467446e-01 1.6176916258055574e+00
    1.7352714443166080e+00</data></rvec>
<tvecs type_id="opencv-matrix">
  <rows>3</rows>
  <cols>1</cols>
  <dt>d</dt>
  <data>
    -3.0018505675717265e+01 8.8808814955469381e+02
    4.2998538434531019e+03</data></tvecs>
<RotationMatrix type_id="opencv-matrix">
  <rows>3</rows>
  <cols>3</cols>
  <dt>d</dt>
  <data>
    -6.3303591376521851e-01 -2.4127110253616024e-02
    -7.7374635019122684e-01 7.8267794197576124e-02
    -9.9638721161762933e-01 -3.2964782970485662e-02
    -7.7015562341313892e-01 -8.1427311607686015e-02
    6.3263726467025627e-01</data></RotationMatrix>
<TranslationMatrix type_id="opencv-matrix">
  <rows>3</rows>
  <cols>1</cols>
  <dt>d</dt>
  <data>
    3.2230451247010583e+03 1.2342809539877369e+03
    -2.7141988501001088e+03</data></TranslationMatrix>
</opencv_storage>
