<?xml version="1.0"?>
<opencv_storage>
<CameraMatrix type_id="opencv-matrix">
  <rows>3</rows>
  <cols>3</cols>
  <dt>d</dt>
  <data>
    4.8893838587608093e+02 0. 3.1835599476330435e+02 0.
    4.8770310627481450e+02 2.3512465747102570e+02 0. 0. 1.</data></CameraMatrix>
<DistortionCoeffs type_id="opencv-matrix">
  <rows>1</rows>
  <cols>5</cols>
  <dt>d</dt>
  <data>
    -3.5069582074171307e-01 1.5337193850033759e-01
    1.1047787368290531e-03 2.1211712746514911e-04
    -3.5013474115716300e-02</data></DistortionCoeffs>
<rvec type_id="opencv-matrix">
  <rows>3</rows>
  <cols>1</cols>
  <dt>d</dt>
  <data>
    -1.2492959925338374e+00 1.0118609970386940e+00
    1.0458808961371646e+00</data></rvec>
<tvecs type_id="opencv-matrix">
  <rows>3</rows>
  <cols>1</cols>
  <dt>d</dt>
  <data>
    -3.3006318305296827e+02 1.1731122179531062e+03
    3.3581849931896204e+03</data></tvecs>
<RotationMatrix type_id="opencv-matrix">
  <rows>3</rows>
  <cols>3</cols>
  <dt>d</dt>
  <data>
    2.2843007928817727e-01 -2.0059059827648440e-02
    -9.7335365258226036e-01 5.2223507568713190e-02
    -9.9809580102502915e-01 3.2824948338510962e-02
    -9.7215863115729084e-01 -5.8330147394260734e-02
    -2.2694754850261378e-01</data></RotationMatrix>
<TranslationMatrix type_id="opencv-matrix">
  <rows>3</rows>
  <cols>1</cols>
  <dt>d</dt>
  <data>
    3.2788208504338513e+03 1.3601410473643357e+03 4.0235629886553045e+02</data></TranslationMatrix>
</opencv_storage>
