<?xml version="1.0"?>
<opencv_storage>
<CameraMatrix type_id="opencv-matrix">
  <rows>3</rows>
  <cols>3</cols>
  <dt>d</dt>
  <data>
    4.8893838587608093e+02 0. 3.1835599476330435e+02 0.
    4.8770310627481450e+02 2.3512465747102570e+02 0. 0. 1.</data></CameraMatrix>
<DistortionCoeffs type_id="opencv-matrix">
  <rows>1</rows>
  <cols>5</cols>
  <dt>d</dt>
  <data>
    -3.5069582074171307e-01 1.5337193850033759e-01
    1.1047787368290531e-03 2.1211712746514911e-04
    -3.5013474115716300e-02</data></DistortionCoeffs>
<rvec type_id="opencv-matrix">
  <rows>3</rows>
  <cols>1</cols>
  <dt>d</dt>
  <data>
    -1.0695707582420972e+00 -1.3205469567511332e+00
    -1.4224599588713964e+00</data></rvec>
<tvecs type_id="opencv-matrix">
  <rows>3</rows>
  <cols>1</cols>
  <dt>d</dt>
  <data>
    -7.0585529798468690e+02 1.2340261362680860e+03
    2.4451006370121154e+03</data></tvecs>
<RotationMatrix type_id="opencv-matrix">
  <rows>3</rows>
  <cols>3</cols>
  <dt>d</dt>
  <data>
    9.7335364205947927e-01 2.2843009285344407e-01 2.0059415956446058e-02
    -3.2825351470996744e-02 5.2223666561798332e-02
    9.9809577944786809e-01 2.2694753532557310e-01
    -9.7215861942885051e-01 5.8330394134092689e-02</data></RotationMatrix>
<TranslationMatrix type_id="opencv-matrix">
  <rows>3</rows>
  <cols>1</cols>
  <dt>d</dt>
  <data>
    1.7264460351488174e+02 1.3601409171646380e+03 2.4738188814330297e+03</data></TranslationMatrix>
</opencv_storage>
