<?xml version="1.0"?>
<opencv_storage>
<CameraMatrix type_id="opencv-matrix">
  <rows>3</rows>
  <cols>3</cols>
  <dt>d</dt>
  <data>
    4.8893838587608093e+02 0. 3.1835599476330435e+02 0.
    4.8770310627481450e+02 2.3512465747102570e+02 0. 0. 1.</data></CameraMatrix>
<DistortionCoeffs type_id="opencv-matrix">
  <rows>1</rows>
  <cols>5</cols>
  <dt>d</dt>
  <data>
    -3.5069582074171307e-01 1.5337193850033759e-01
    1.1047787368290531e-03 2.1211712746514911e-04
    -3.5013474115716300e-02</data></DistortionCoeffs>
<rvec type_id="opencv-matrix">
  <rows>3</rows>
  <cols>1</cols>
  <dt>d</dt>
  <data>
    -1.0695719227006923e+00 -1.3205475463516199e+00
    -1.4224603153334097e+00</data></rvec>
<tvecs type_id="opencv-matrix">
  <rows>3</rows>
  <cols>1</cols>
  <dt>d</dt>
  <data>
    -7.0585516738509818e+02 1.2340263593814077e+03
    2.4451015815643336e+03</data></tvecs>
<RotationMatrix type_id="opencv-matrix">
  <rows>3</rows>
  <cols>3</cols>
  <dt>d</dt>
  <data>
    9.7335356009472229e-01 -2.0060293839041732e-02
    2.2843036501748415e-01 -3.2826018286555514e-02
    -9.9809581357877131e-01 5.2222595109596981e-02
    2.2694779041528557e-01 -5.8329508206579783e-02
    -9.7215861303492945e-01</data></RotationMatrix>
<TranslationMatrix type_id="opencv-matrix">
  <rows>3</rows>
  <cols>1</cols>
  <dt>d</dt>
  <data>
    -2.4738212568778049e+03 1.3601384538466623e+03
    1.7264441064774132e+02</data></TranslationMatrix>
</opencv_storage>
