<?xml version="1.0"?>
<opencv_storage>
<CameraMatrix type_id="opencv-matrix">
  <rows>3</rows>
  <cols>3</cols>
  <dt>d</dt>
  <data>
    4.8899532990151613e+02 0. 3.1913653692867564e+02 0.
    4.8778201736334557e+02 2.3392679592515910e+02 0. 0. 1.</data></CameraMatrix>
<DistortionCoeffs type_id="opencv-matrix">
  <rows>1</rows>
  <cols>5</cols>
  <dt>d</dt>
  <data>
    -3.4879046973183614e-01 1.5556545894994220e-01
    1.0846328077021314e-03 3.0342794799709580e-04
    -3.9242683297866704e-02</data></DistortionCoeffs>
</opencv_storage>
