<?xml version="1.0"?>
<opencv_storage>
<CameraMatrix type_id="opencv-matrix">
  <rows>3</rows>
  <cols>3</cols>
  <dt>d</dt>
  <data>
    4.9162359801816768e+02 0. 3.3538174456075848e+02 0.
    4.9351135844679243e+02 2.2207105616627163e+02 0. 0. 1.</data></CameraMatrix>
<DistortionCoeffs type_id="opencv-matrix">
  <rows>1</rows>
  <cols>5</cols>
  <dt>d</dt>
  <data>
    -4.0043983436773245e-01 3.3495755470874938e-01
    2.0196747810772423e-04 -1.5930005747986605e-04
    -2.2497147766575207e-01</data></DistortionCoeffs>
<RotationMatrix type_id="opencv-matrix">
  <rows>3</rows>
  <cols>1</cols>
  <dt>d</dt>
  <data>
    -6.5183083930958596e-01 -1.6321778261319806e+00
    -1.8932585045878025e+00</data></RotationMatrix>
<TranslationMatrix type_id="opencv-matrix">
  <rows>3</rows>
  <cols>1</cols>
  <dt>d</dt>
  <data>
    4.0058036529772204e+02 8.9300933609213814e+02 3.6180688359384990e+03</data></TranslationMatrix>
</opencv_storage>
