<?xml version="1.0"?>
<opencv_storage>
<CameraMatrix type_id="opencv-matrix">
  <rows>3</rows>
  <cols>3</cols>
  <dt>d</dt>
  <data>
    4.9162359990576357e+02 0. 3.3538174069567191e+02 0.
    4.9351136664257217e+02 2.2207106056632807e+02 0. 0. 1.</data></CameraMatrix>
<DistortionCoeffs type_id="opencv-matrix">
  <rows>1</rows>
  <cols>5</cols>
  <dt>d</dt>
  <data>
    -4.0043975566502238e-01 3.3495720738175744e-01
    2.0197502185510165e-04 -1.5930373784624549e-04
    -2.2497107885794526e-01</data></DistortionCoeffs>
<RotationMatrix type_id="opencv-matrix">
  <rows>3</rows>
  <cols>1</cols>
  <dt>d</dt>
  <data>
    -6.6354389400896441e-01 -1.6173951103465785e+00
    -1.8935045799724524e+00</data></RotationMatrix>
<TranslationMatrix type_id="opencv-matrix">
  <rows>3</rows>
  <cols>1</cols>
  <dt>d</dt>
  <data>
    4.0098869152174427e-01 8.9395263682345827e-01 3.6292855236544606e+00</data></TranslationMatrix>
</opencv_storage>
