<?xml version="1.0"?>
<opencv_storage>
<CameraMatrix type_id="opencv-matrix">
  <rows>3</rows>
  <cols>3</cols>
  <dt>d</dt>
  <data>
    4.9162359801816768e+02 0. 3.3538174456075848e+02 0.
    4.9351135844679243e+02 2.2207105616627163e+02 0. 0. 1.</data></CameraMatrix>
<DistortionCoeffs type_id="opencv-matrix">
  <rows>1</rows>
  <cols>5</cols>
  <dt>d</dt>
  <data>
    -4.0043983436773245e-01 3.3495755470874938e-01
    2.0196747810772423e-04 -1.5930005747986605e-04
    -2.2497147766575207e-01</data></DistortionCoeffs>
<rvec type_id="opencv-matrix">
  <rows>3</rows>
  <cols>1</cols>
  <dt>d</dt>
  <data>
    -1.3321754633930027e+00 5.5949598014155388e-01
    6.3074110536927330e-01</data></rvec>
<tvecs type_id="opencv-matrix">
  <rows>3</rows>
  <cols>1</cols>
  <dt>d</dt>
  <data>
    2.2085708236727382e+02 7.4099293194404186e+02 4.5673548576446747e+03</data></tvecs>
<RotationMatrix type_id="opencv-matrix">
  <rows>3</rows>
  <cols>3</cols>
  <dt>d</dt>
  <data>
    -7.0166685210858248e-01 -7.1234998038455288e-01
    1.4870578272560497e-02 1.2089832371765508e-01
    -9.8465146791495817e-02 9.8776931020840619e-01
    -7.0217321507893904e-01 6.9488281048926281e-01
    1.5521164812039526e-01</data></RotationMatrix>
<TranslationMatrix type_id="opencv-matrix">
  <rows>3</rows>
  <cols>1</cols>
  <dt>d</dt>
  <data>
    3.2724575351906374e+03 1.4441210247917857e+03
    -2.9434868638744706e+03</data></TranslationMatrix>
</opencv_storage>
