<?xml version="1.0"?>
<opencv_storage>
<CameraMatrix type_id="opencv-matrix">
  <rows>3</rows>
  <cols>3</cols>
  <dt>d</dt>
  <data>
    4.9162359801816768e+02 0. 3.3538174456075848e+02 0.
    4.9351135844679243e+02 2.2207105616627163e+02 0. 0. 1.</data></CameraMatrix>
<DistortionCoeffs type_id="opencv-matrix">
  <rows>1</rows>
  <cols>5</cols>
  <dt>d</dt>
  <data>
    -4.0043983436773245e-01 3.3495755470874938e-01
    2.0196747810772423e-04 -1.5930005747986605e-04
    -2.2497147766575207e-01</data></DistortionCoeffs>
<rvec type_id="opencv-matrix">
  <rows>3</rows>
  <cols>1</cols>
  <dt>d</dt>
  <data>
    -1.3474863776073061e+00 5.4899278934307072e-01
    6.1696576921384028e-01</data></rvec>
<tvecs type_id="opencv-matrix">
  <rows>3</rows>
  <cols>1</cols>
  <dt>d</dt>
  <data>
    2.0925983792754644e+02 7.4358317492492017e+02 4.5414324113510102e+03</data></tvecs>
<RotationMatrix type_id="opencv-matrix">
  <rows>3</rows>
  <cols>3</cols>
  <dt>d</dt>
  <data>
    -6.8938303254029920e-01 -1.1307153009203652e-02
    -7.2430876201822025e-01 1.1219417763551884e-01
    -9.8947962294721870e-01 -9.1337518451725608e-02
    -7.1565599344254083e-01 -1.4422976136379112e-01
    6.8339905983745219e-01</data></RotationMatrix>
<TranslationMatrix type_id="opencv-matrix">
  <rows>3</rows>
  <cols>1</cols>
  <dt>d</dt>
  <data>
    2.8841248641230814e+03 1.3931362454996765e+03 3.3109378028426349e+03</data></TranslationMatrix>
</opencv_storage>
