<?xml version="1.0"?>
<opencv_storage>
<CameraMatrix type_id="opencv-matrix">
  <rows>3</rows>
  <cols>3</cols>
  <dt>d</dt>
  <data>
    4.9162359801816768e+02 0. 3.3538174456075848e+02 0.
    4.9351135844679243e+02 2.2207105616627163e+02 0. 0. 1.</data></CameraMatrix>
<DistortionCoeffs type_id="opencv-matrix">
  <rows>1</rows>
  <cols>5</cols>
  <dt>d</dt>
  <data>
    -4.0043983436773245e-01 3.3495755470874938e-01
    2.0196747810772423e-04 -1.5930005747986605e-04
    -2.2497147766575207e-01</data></DistortionCoeffs>
<rvec type_id="opencv-matrix">
  <rows>3</rows>
  <cols>1</cols>
  <dt>d</dt>
  <data>
    -1.3668574994966329e+00 5.1774124355212059e-01
    6.1659865623490440e-01</data></rvec>
<tvecs type_id="opencv-matrix">
  <rows>3</rows>
  <cols>1</cols>
  <dt>d</dt>
  <data>
    1.9437033985568425e+02 7.6236558412767761e+02 4.6050672004253620e+03</data></tvecs>
<RotationMatrix type_id="opencv-matrix">
  <rows>3</rows>
  <cols>3</cols>
  <dt>d</dt>
  <data>
    7.3839537435533209e-01 -6.7422710484511383e-01
    -1.3787030964805325e-02 1.0305240816155881e-01
    9.2608796846777849e-02 9.9035539677365092e-01
    -6.6644765158469288e-01 -7.3269463068782481e-01
    1.3786263401835819e-01</data></RotationMatrix>
<TranslationMatrix type_id="opencv-matrix">
  <rows>3</rows>
  <cols>1</cols>
  <dt>d</dt>
  <data>
    2.8469504519080169e+03 3.4345560037134796e+03
    -1.3871997747432993e+03</data></TranslationMatrix>
</opencv_storage>
