<?xml version="1.0"?>
<opencv_storage>
<CameraMatrix type_id="opencv-matrix">
  <rows>3</rows>
  <cols>3</cols>
  <dt>d</dt>
  <data>
    4.9162359801816768e+02 0. 3.3538174456075848e+02 0.
    4.9351135844679243e+02 2.2207105616627163e+02 0. 0. 1.</data></CameraMatrix>
<DistortionCoeffs type_id="opencv-matrix">
  <rows>1</rows>
  <cols>5</cols>
  <dt>d</dt>
  <data>
    -4.0043983436773245e-01 3.3495755470874938e-01
    2.0196747810772423e-04 -1.5930005747986605e-04
    -2.2497147766575207e-01</data></DistortionCoeffs>
<rvec type_id="opencv-matrix">
  <rows>3</rows>
  <cols>1</cols>
  <dt>d</dt>
  <data>
    -6.3849732759530475e-01 -1.6118054652846692e+00
    -1.8943089215376143e+00</data></rvec>
<tvecs type_id="opencv-matrix">
  <rows>3</rows>
  <cols>1</cols>
  <dt>d</dt>
  <data>
    4.0296380331173611e+02 9.0951215213228579e+02 3.6901726553816129e+03</data></tvecs>
<RotationMatrix type_id="opencv-matrix">
  <rows>3</rows>
  <cols>3</cols>
  <dt>d</dt>
  <data>
    -7.2613853804017148e-01 3.1924591151415438e-03
    6.8754100370645577e-01 -1.1323315658847466e-01
    -9.8688982841305106e-01 -1.1500747290445368e-01
    6.7816006651961780e-01 -1.6136379637222464e-01
    7.1698022943345563e-01</data></RotationMatrix>
<TranslationMatrix type_id="opencv-matrix">
  <rows>3</rows>
  <cols>1</cols>
  <dt>d</dt>
  <data>
    -2.1069332544810622e+03 1.4917621152318118e+03
    -2.8182342806982697e+03</data></TranslationMatrix>
</opencv_storage>
