<?xml version="1.0"?>
<opencv_storage>
<CameraMatrix type_id="opencv-matrix">
  <rows>3</rows>
  <cols>3</cols>
  <dt>d</dt>
  <data>
    4.8931844372415981e+02 0. 3.2639965362493729e+02 0.
    4.9176695826758100e+02 2.2182915260109786e+02 0. 0. 1.</data></CameraMatrix>
<DistortionCoeffs type_id="opencv-matrix">
  <rows>1</rows>
  <cols>5</cols>
  <dt>d</dt>
  <data>
    -3.4775426267792781e-01 1.4333959826250198e-01
    6.1537630328187395e-04 3.7062100740690301e-04
    -2.6309959042871527e-02</data></DistortionCoeffs>
<RotationMatrix type_id="opencv-matrix">
  <rows>3</rows>
  <cols>1</cols>
  <dt>d</dt>
  <data>
    -6.2378695049429160e-02 -2.2338784231537940e+00
    -2.1700901352518813e+00</data></RotationMatrix>
<TranslationMatrix type_id="opencv-matrix">
  <rows>3</rows>
  <cols>1</cols>
  <dt>d</dt>
  <data>
    5.5369341020676961e+02 1.4865287149459455e+03 3.0008201634189854e+03</data></TranslationMatrix>
</opencv_storage>
