<?xml version="1.0"?>
<opencv_storage>
<CameraMatrix type_id="opencv-matrix">
  <rows>3</rows>
  <cols>3</cols>
  <dt>d</dt>
  <data>
    4.8931844372415981e+02 0. 3.2639965362493729e+02 0.
    4.9176695826758100e+02 2.2182915260109786e+02 0. 0. 1.</data></CameraMatrix>
<DistortionCoeffs type_id="opencv-matrix">
  <rows>1</rows>
  <cols>5</cols>
  <dt>d</dt>
  <data>
    -3.4775426267792781e-01 1.4333959826250198e-01
    6.1537630328187395e-04 3.7062100740690301e-04
    -2.6309959042871527e-02</data></DistortionCoeffs>
<rvec type_id="opencv-matrix">
  <rows>3</rows>
  <cols>1</cols>
  <dt>d</dt>
  <data>
    -1.5831791157726884e+00 3.7031184651743619e-02
    2.8703544906416877e-02</data></rvec>
<tvecs type_id="opencv-matrix">
  <rows>3</rows>
  <cols>1</cols>
  <dt>d</dt>
  <data>
    -2.3030509288973857e+02 1.5154756783950327e+03
    3.6324871510042044e+03</data></tvecs>
<RotationMatrix type_id="opencv-matrix">
  <rows>3</rows>
  <cols>3</cols>
  <dt>d</dt>
  <data>
    9.9911350549296318e-01 -4.1796338864140213e-02
    5.0268478310693324e-03 -5.5546646788816878e-03
    -1.2521774544534670e-02 9.9990617102934254e-01
    -4.1729472101477011e-02 -9.9904768215526618e-01
    -1.2742838707377796e-02</data></RotationMatrix>
<TranslationMatrix type_id="opencv-matrix">
  <rows>3</rows>
  <cols>1</cols>
  <dt>d</dt>
  <data>
    3.9010065913923802e+02 3.6383784037375685e+03
    -1.4678875763435267e+03</data></TranslationMatrix>
</opencv_storage>
