<?xml version="1.0"?>
<opencv_storage>
<CameraMatrix type_id="opencv-matrix">
  <rows>3</rows>
  <cols>3</cols>
  <dt>d</dt>
  <data>
    4.8931844144465703e+02 0. 3.2639965081803740e+02 0.
    4.9176695717582822e+02 2.2182914398351380e+02 0. 0. 1.</data></CameraMatrix>
<DistortionCoeffs type_id="opencv-matrix">
  <rows>1</rows>
  <cols>5</cols>
  <dt>d</dt>
  <data>
    -3.4775416506040219e-01 1.4333916755702722e-01
    6.1538901332856117e-04 3.7061907519528688e-04
    -2.6309532872804312e-02</data></DistortionCoeffs>
<RotationMatrix type_id="opencv-matrix">
  <rows>3</rows>
  <cols>1</cols>
  <dt>d</dt>
  <data>
    -5.1020596867651098e-02 -2.2174847494273076e+00
    -2.1887879033347364e+00</data></RotationMatrix>
<TranslationMatrix type_id="opencv-matrix">
  <rows>3</rows>
  <cols>1</cols>
  <dt>d</dt>
  <data>
    5.4992483688850868e-01 1.5027868809207769e+00 3.0225525040887287e+00</data></TranslationMatrix>
</opencv_storage>
