<?xml version="1.0"?>
<opencv_storage>
<CameraMatrix type_id="opencv-matrix">
  <rows>3</rows>
  <cols>3</cols>
  <dt>d</dt>
  <data>
    4.8931844372415981e+02 0. 3.2639965362493729e+02 0.
    4.9176695826758100e+02 2.2182915260109786e+02 0. 0. 1.</data></CameraMatrix>
<DistortionCoeffs type_id="opencv-matrix">
  <rows>1</rows>
  <cols>5</cols>
  <dt>d</dt>
  <data>
    -3.4775426267792781e-01 1.4333959826250198e-01
    6.1537630328187395e-04 3.7062100740690301e-04
    -2.6309959042871527e-02</data></DistortionCoeffs>
<rvec type_id="opencv-matrix">
  <rows>3</rows>
  <cols>1</cols>
  <dt>d</dt>
  <data>
    -5.0328487486071417e-02 -2.2163282282551169e+00
    -2.1891718000408229e+00</data></rvec>
<tvecs type_id="opencv-matrix">
  <rows>3</rows>
  <cols>1</cols>
  <dt>d</dt>
  <data>
    5.4994910225213164e+02 1.5033238576781703e+03 3.0229311279451899e+03</data></tvecs>
<RotationMatrix type_id="opencv-matrix">
  <rows>3</rows>
  <cols>3</cols>
  <dt>d</dt>
  <data>
    -9.9914106204315500e-01 -4.2260665939271372e-03
    4.1222305860056957e-02 4.7339320530622002e-03
    -9.9991400065884872e-01 1.2230338250942219e-02
    4.1167074544997531e-02 1.2414976744205664e-02 9.9907514248220952e-01</data></RotationMatrix>
<TranslationMatrix type_id="opencv-matrix">
  <rows>3</rows>
  <cols>1</cols>
  <dt>d</dt>
  <data>
    4.1791486600936560e+02 1.4679890746934859e+03
    -3.0611916767463631e+03</data></TranslationMatrix>
</opencv_storage>
