<?xml version="1.0"?>
<opencv_storage>
<CameraMatrix type_id="opencv-matrix">
  <rows>3</rows>
  <cols>3</cols>
  <dt>d</dt>
  <data>
    4.8931844372415981e+02 0. 3.2639965362493729e+02 0.
    4.9176695826758100e+02 2.2182915260109786e+02 0. 0. 1.</data></CameraMatrix>
<DistortionCoeffs type_id="opencv-matrix">
  <rows>1</rows>
  <cols>5</cols>
  <dt>d</dt>
  <data>
    -3.4775426267792781e-01 1.4333959826250198e-01
    6.1537630328187395e-04 3.7062100740690301e-04
    -2.6309959042871527e-02</data></DistortionCoeffs>
<rvec type_id="opencv-matrix">
  <rows>3</rows>
  <cols>1</cols>
  <dt>d</dt>
  <data>
    -1.5834829119428628e+00 3.7314770177200522e-02
    2.8433696930368735e-02</data></rvec>
<tvecs type_id="opencv-matrix">
  <rows>3</rows>
  <cols>1</cols>
  <dt>d</dt>
  <data>
    -2.3030731990369964e+02 1.5157631372747117e+03
    3.6324693088714444e+03</data></tvecs>
<RotationMatrix type_id="opencv-matrix">
  <rows>3</rows>
  <cols>3</cols>
  <dt>d</dt>
  <data>
    -4.1806323122493910e-02 -9.9911129261004183e-01
    5.3718084541765528e-03 -1.2818732257623679e-02
    5.9124316737610740e-03 9.9990035666310795e-01
    -9.9904349827736971e-01 4.1733297626641477e-02
    -1.3054517184529360e-02</data></RotationMatrix>
<TranslationMatrix type_id="opencv-matrix">
  <rows>3</rows>
  <cols>1</cols>
  <dt>d</dt>
  <data>
    3.6387967053094376e+03 1.4669548017547202e+03
    -3.9065941285605487e+02</data></TranslationMatrix>
</opencv_storage>
