<?xml version="1.0"?>
<opencv_storage>
<CameraMatrix type_id="opencv-matrix">
  <rows>3</rows>
  <cols>3</cols>
  <dt>d</dt>
  <data>
    4.8931844372415981e+02 0. 3.2639965362493729e+02 0.
    4.9176695826758100e+02 2.2182915260109786e+02 0. 0. 1.</data></CameraMatrix>
<DistortionCoeffs type_id="opencv-matrix">
  <rows>1</rows>
  <cols>5</cols>
  <dt>d</dt>
  <data>
    -3.4775426267792781e-01 1.4333959826250198e-01
    6.1537630328187395e-04 3.7062100740690301e-04
    -2.6309959042871527e-02</data></DistortionCoeffs>
<rvec type_id="opencv-matrix">
  <rows>3</rows>
  <cols>1</cols>
  <dt>d</dt>
  <data>
    -1.5828917007935537e+00 3.5731897333382272e-02
    2.8889919922576602e-02</data></rvec>
<tvecs type_id="opencv-matrix">
  <rows>3</rows>
  <cols>1</cols>
  <dt>d</dt>
  <data>
    -2.3074256663656925e+02 1.5139073764416705e+03
    3.6300396481497251e+03</data></tvecs>
<RotationMatrix type_id="opencv-matrix">
  <rows>3</rows>
  <cols>3</cols>
  <dt>d</dt>
  <data>
    -4.1084829463495773e-02 -4.0937543395463197e-03
    -9.9914727541207038e-01 -1.2246184238205499e-02
    -9.9991442971154199e-01 4.6004593516167369e-03
    -9.9908061124193559e-01 1.2424750703712179e-02
    4.1031180952919293e-02</data></RotationMatrix>
<TranslationMatrix type_id="opencv-matrix">
  <rows>3</rows>
  <cols>1</cols>
  <dt>d</dt>
  <data>
    3.8645528979345175e+02 1.4677308898944316e+03 3.6357618001571382e+03</data></TranslationMatrix>
</opencv_storage>
