<?xml version="1.0"?>
<opencv_storage>
<CameraMatrix type_id="opencv-matrix">
  <rows>3</rows>
  <cols>3</cols>
  <dt>d</dt>
  <data>
    4.8692265178393382e+02 0. 3.3118610797209050e+02 0.
    4.8956223970064457e+02 2.2757657725878803e+02 0. 0. 1.</data></CameraMatrix>
<DistortionCoeffs type_id="opencv-matrix">
  <rows>1</rows>
  <cols>5</cols>
  <dt>d</dt>
  <data>
    -3.6148195320352189e-01 1.9079829573898824e-01
    4.7847857414964819e-04 1.5782734291101898e-04
    -7.5683761260768256e-02</data></DistortionCoeffs>
<RotationMatrix type_id="opencv-matrix">
  <rows>3</rows>
  <cols>1</cols>
  <dt>d</dt>
  <data>
    -4.0061284726085541e-02 -2.2530230697158471e+00
    -2.1624602012031562e+00</data></RotationMatrix>
<TranslationMatrix type_id="opencv-matrix">
  <rows>3</rows>
  <cols>1</cols>
  <dt>d</dt>
  <data>
    5.1768773328217605e+02 1.4466820518150901e+03 3.0115122623776047e+03</data></TranslationMatrix>
</opencv_storage>
